x
-1 1
1 0.913641 5.92492
2 -0.479185 6.11267
3 -0.633724 6.4256
4 -0.448809 6.53659
5 -1.30219 6.5247
6 -0.7320410000000001 6.37695
7 -0.558176 6.89181
8 -0.453752 7.01459
9 -0.412477 6.67269
10 -0.314719 6.5761
11 -0.474344 6.90769
12 -0.974052 6.87753
13 -0.450722 6.71394
14 1.17121 6.72474
15 -0.341856 6.37492
16 -0.699183 0.388645
17 -0.733888 0.523193
18 -1.25134 0.577142
19 -0.729886 0.910656
20 -0.967767 0.853013
21 -0.8283779999999999 0.794038
22 -0.906289 0.7723100000000001
23 -0.8114980000000001 1.20689
24 -0.452406 1.35926
25 -0.930199 1.28414
26 -0.630787 1.13353
27 -0.080703 6.60647
28 -0.40881 1.35108
29 -0.494786 1.31095
30 -0.57689 1.25864
31 -1.12121 0.140365
32 -0.788531 0.16085
33 -0.800925 0.0802558
34 -0.729407 0.768406
35 -0.711712 0.841643
36 -0.802164 0.484065
37 -0.810172 1.28445
38 -0.873243 0.515202
39 -1.08729 0.26253
40 -1.09814 6.57925
41 -1.22047 0.468211
42 -1.22593 0.367276
43 -1.07171 0.847163
44 -1.14649 0.281771
45 -1.06075 0.213309
46 -0.684586 0.233471
47 -1.33328 0.340083
48 -1.72224 0.572556
49 -0.950423 1.11811
50 -0.715757 0.870043
51 -2.02936 0.45241
52 -1.29793 0.253134
53 -0.9985000000000001 6.62337
54 -1.48331 0.461208
55 -1.25749 0.558264
56 -1.26522 1.19925
57 -1.3094 0.264255
58 -1.49511 0.175673
59 -1.40112 0.222477
60 -1.4694 0.160346
61 -0.588094 0.130001
62 -0.6725100000000001 0.255777
63 -0.925987 0.472879
64 -1.21712 0.697183
65 -1.08503 0.552825
66 -1.38203 6.50455
67 -1.00106 0.595776
68 -0.906654 0.349833
69 -0.944415 0.385457
70 -1.10506 0.424712
71 -1.00972 0.408704
72 -1.03743 0.38948
73 -1.18107 0.30125
74 -1.13871 0.417278
75 -1.02088 0.531984
76 -0.450915 0.561436
77 -0.535869 0.9366449999999999
78 -0.852762 1.31776
79 -1.01026 6.77787
80 -0.834337 0.576159
81 -0.830514 0.797073
82 -0.721118 1.02708
83 -0.898499 0.310315
84 -0.675843 0.268593
85 -0.764432 0.267099
86 -0.779955 0.310262
87 -0.71672 0.316671
88 -0.739587 0.535425
89 -0.593364 0.465114
90 -0.526098 0.597486
91 -0.519397 0.287383
92 -0.719121 6.56894
93 -0.798597 0.644346
94 -0.936596 0.718533
95 -0.957893 0.400139
96 -0.955398 0.292734
97 -0.703492 0.337662
98 -1.02564 0.472186
99 -0.756752 0.418863
100 -0.673749 0.510236
101 -0.723885 0.411916
102 -0.692862 0.476573
103 -0.930073 0.539872
104 -0.914499 1.14299
105 -0.711552 6.56271
106 -0.498818 0.664144
107 -0.839757 0.383323
108 -0.636798 0.371456
109 -1.24123 0.294984
110 -0.811607 0.326165
111 -0.737418 0.488756
112 -1.18736 0.585517
113 -0.682082 0.425422
114 -0.706786 0.348022
115 -0.654895 0.683132
116 -1.05313 0.573767
117 -1.02375 0.855328
118 -1.28424 6.62341
119 -1.23205 0.6779809999999999
120 -1.03381 0.471967
121 -0.660501 0.695581
122 -1.53706 1.03124
123 -1.96399 0.31405
124 -0.881064 0.42478
125 -1.02168 0.268276
126 -0.95895 0.444048
127 -0.567932 0.471165
128 -0.585013 0.642665
129 -0.958817 0.354006
130 -0.586526 1.00391
131 -0.537893 6.72418
132 -0.588821 0.636082
133 -0.847239 0.444114
134 -0.727846 0.482563
135 -1.0627 0.456049
136 -0.716383 0.381683
137 -0.762249 0.369433
138 -0.734738 0.517311
139 -0.634819 0.304139
140 -0.771749 0.403032
141 -0.671694 0.689712
142 -1.07457 0.444477
143 -0.511391 1.0925
144 -0.320523 6.81963
145 -0.392195 0.669788
146 -0.879163 0.494562
147 -0.8738359999999999 0.608692
148 -1.01206 1.15295
149 -0.65534 1.49335
150 -0.711578 1.11266
151 -0.670838 0.41856
152 -0.479028 0.538717
153 -0.515992 0.55588
154 -0.61172 1.11772
155 -1.11163 0.376478
156 -0.722189 1.20067
157 -0.411682 6.61631
158 -0.468073 0.517423
159 -0.853456 0.6175929999999999
160 -0.9282280000000001 0.6408199999999999
161 -0.845828 0.504603
162 -0.587848 0.604447
163 -0.73848 0.579304
164 -1.00818 0.576557
165 -0.652239 0.39703
166 -0.417829 0.576869
167 -0.428615 0.725267
168 -0.795347 0.920083
169 -0.738005 1.12579
170 -0.598276 6.72279
171 -0.51008 0.560979
172 -0.736685 0.406014
173 -0.843901 0.38635
174 -0.724452 0.505838
175 -0.571844 0.57386
176 -0.576377 0.410003
177 -0.651884 0.48972
178 -0.433084 0.480497
179 -0.591787 0.489543
180 -0.586493 0.491164
181 -0.752389 0.397374
182 -0.594096 0.793539
183 -0.391181 6.59993
184 -0.417653 0.631607
185 -0.623985 0.359695
186 -0.719673 0.364572
187 -0.693313 0.545841
188 -0.625993 0.625691
189 -0.591904 0.420807
190 -0.584708 0.356369
191 -0.524042 0.406807
192 -0.732017 0.509529
193 -0.5759649999999999 0.551505
194 -0.579019 0.5108
195 -0.614382 0.450174
